100 0
200 1.63265e-005
300 0
400 0
500 0
600 1.77778e-005
700 0
800 1.74419e-005
900 0
1000 1.95122e-005
1100 0
1200 2.05128e-005
1300 1.97368e-005
1400 0
1500 0
1600 2.14286e-005
1700 2.35294e-005
1800 2.42424e-005
1900 0
2000 2.41935e-005
2100 2.66667e-005
2200 2.75862e-005
2300 2.67857e-005
2400 2.96296e-005
2500 2.88462e-005
2600 0
2700 3.33333e-005
2800 3.47826e-005
2900 3.40909e-005
3000 3.80952e-005
3100 4e-005
3200 3.94737e-005
3300 0
3400 4.70588e-005
3500 4.6875e-005
3600 5.33333e-005
3700 0
3800 6.15385e-005
3900 6.25e-005
4000 0
4100 8e-005
4200 0
4300 0.0001
4400 0
4500 0.000125
4600 0
4700 0
4800 0
4900 0.0004
5000 0
