100 4.7e-005
200 0.000159184
300 0.000373958
400 0.000664894
500 0.00103587
600 0.00149333
700 0.00202386
800 0.00263488
900 0.00334881
1000 0.00411585
1100 0.00501875
1200 0.00595
1300 0.00696974
1400 0.00810811
1500 0.00928611
1600 0.0105371
1700 0.0119471
1800 0.0133545
1900 0.0148437
2000 0.0164806
2100 0.0183333
2200 0.0199379
2300 0.0217643
2400 0.023837
2500 0.0257231
2600 0.027872
2700 0.0300833
2800 0.0322
2900 0.0345091
3000 0.0372095
3100 0.03984
3200 0.0424316
3300 0.0470556
3400 0.0476118
3500 0.050575
3600 0.0533333
3700 0.0564857
3800 0.0596154
3900 0.0625
4000 0.0659091
4100 0.06906
4200 0.0725778
4300 0.076175
4400 0.0799143
4500 0.0833333
4600 0.08748
4700 0.09065
4800 0.0948
4900 0.0985
5000 0.103
