100 4.6e-005
200 0.00017551
300 0.000375
400 0.000680851
500 0.00107065
600 0.00152778
700 0.00218409
800 0.00268837
900 0.00353452
1000 0.00440122
1100 0.00525375
1200 0.00625
1300 0.00729868
1400 0.00857297
1500 0.00989444
1600 0.0111171
1700 0.0125441
1800 0.0140636
1900 0.0155281
2000 0.0174387
2100 0.0191667
2200 0.0210138
2300 0.0231
2400 0.025237
2500 0.0270385
2600 0.029504
2700 0.0316417
2800 0.0340957
2900 0.0360818
3000 0.0388476
3100 0.04203
3200 0.0444105
3300 0.0472222
3400 0.0503647
3500 0.053525
3600 0.0564533
3700 0.0591571
3800 0.0624923
3900 0.0658833
4000 0.0696
4100 0.07312
4200 0.0764
4300 0.08085
4400 0.0839429
4500 0.0880333
4600 0.09184
4700 0.09535
4800 0.101
4900 0.1032
5000 0.1092
