100 0
200 6.32653e-005
300 0.000113542
400 0.0002
500 0.000305435
600 0.000451111
700 0.000604545
800 0.000798837
900 0.000967857
1000 0.00121951
1100 0.001445
1200 0.00174231
1300 0.00209737
1400 0.00240676
1500 0.0028
1600 0.00308
1700 0.00344706
1800 0.00390606
1900 0.00441875
2000 0.00483871
2100 0.00546833
2200 0.00595517
2300 0.00633214
2400 0.00703148
2500 0.00751346
2600 0.008342
2700 0.00878958
2800 0.00961304
2900 0.01005
3000 0.0110119
3100 0.0116025
3200 0.0123763
3300 0.0129333
3400 0.01365
3500 0.0147938
3600 0.0154167
3700 0.0168536
3800 0.0173077
3900 0.0182958
4000 0.0195318
4100 0.020545
4200 0.0212667
4300 0.0223625
4400 0.0233286
4500 0.02435
4600 0.02531
4700 0.0267625
4800 0.0276
4900 0.0289
5000 0.0305
