100 0
200 0
300 1.5625e-005
400 0
500 0
600 1.77778e-005
700 0
800 1.86047e-005
900 1.78571e-005
1000 1.95122e-005
1100 0
1200 1.92308e-005
1300 2.10526e-005
1400 2.16216e-005
1500 2.08333e-005
1600 2.28571e-005
1700 2.35294e-005
1800 2.27273e-005
1900 2.5e-005
2000 2.41935e-005
2100 2.66667e-005
2200 2.58621e-005
2300 2.85714e-005
2400 2.96296e-005
2500 2.88462e-005
2600 3.2e-005
2700 3.125e-005
2800 6.95652e-005
2900 3.40909e-005
3000 3.80952e-005
3100 4e-005
3200 3.94737e-005
3300 4.44444e-005
3400 4.41176e-005
3500 5e-005
3600 5.33333e-005
3700 5.35714e-005
3800 6.15385e-005
3900 6.66667e-005
4000 6.81818e-005
4100 0
4200 8.88889e-005
4300 9.375e-005
4400 0
4500 0.000133333
4600 0
4700 0.0002
4800 0
4900 0
5000 0
