100 1.6e-005
200 9.59184e-005
300 0.000211458
400 0.000398936
500 0.000611957
600 0.000867778
700 0.00118977
800 0.00154419
900 0.00195357
1000 0.00241951
1100 0.00291
1200 0.0034859
1300 0.00407105
1400 0.00472973
1500 0.00540278
1600 0.00618429
1700 0.00693824
1800 0.00781364
1900 0.00869062
2000 0.00962581
2100 0.0106267
2200 0.0116379
2300 0.0127214
2400 0.0138333
2500 0.0150231
2600 0.016248
2700 0.0175125
2800 0.018887
2900 0.0201727
3000 0.0216524
3100 0.023125
3200 0.0245842
3300 0.0261333
3400 0.0277529
3500 0.0294937
3600 0.0311467
3700 0.0328143
3800 0.0347308
3900 0.0365917
4000 0.0384909
4100 0.04032
4200 0.0423556
4300 0.0445375
4400 0.0464286
4500 0.0486833
4600 0.05094
4700 0.05275
4800 0.0557333
4900 0.0578
5000 0.0594
