100 1.6e-005
200 4.79592e-005
300 6.45833e-005
400 6.70213e-005
500 0.000102174
600 0.000121111
700 0.000160227
800 0.000181395
900 0.000186905
1000 0.000228049
1100 0.00025375
1200 0.000260256
1300 0.000288158
1400 0.000316216
1500 0.000347222
1600 0.00038
1700 0.000391176
1800 0.000425758
1900 0.000439062
2000 0.000479032
2100 0.000495
2200 0.000512069
2300 0.000557143
2400 0.00057963
2500 0.0006
2600 0.000626
2700 0.00065
2800 0.000680435
2900 0.000709091
3000 0.000745238
3100 0.00078
3200 0.000781579
3300 0.000780556
3400 0.000826471
3500 0.00088125
3600 0.000883333
3700 0.000892857
3800 0.000961538
3900 0.000979167
4000 0.00106364
4100 0.000935
4200 0.00113333
4300 0.00106875
4400 0.00112143
4500 0.00116667
4600 0.00125
4700 0.001175
4800 0.00105
4900 0.00155
5000 0.0008
