100 1.5e-005
200 9.59184e-005
300 0.000194792
400 0.000332979
500 0.000509783
600 0.000711111
700 0.000977273
800 0.00127093
900 0.0016
1000 0.00196341
1100 0.0023625
1200 0.00282436
1300 0.00326974
1400 0.00380135
1500 0.00436111
1600 0.00495571
1700 0.00558382
1800 0.00625
1900 0.00695781
2000 0.00771129
2100 0.00849
2200 0.00926897
2300 0.0101536
2400 0.0110519
2500 0.0119615
2600 0.012936
2700 0.0139333
2800 0.015013
2900 0.01605
3000 0.0171857
3100 0.01836
3200 0.0195737
3300 0.0208333
3400 0.0220588
3500 0.0233375
3600 0.0246867
3700 0.0261143
3800 0.0275231
3900 0.0290417
4000 0.0305364
4100 0.03203
4200 0.0335111
4300 0.03515
4400 0.0370571
4500 0.03985
4600 0.04
4700 0.0465
4800 0.0437333
4900 0.04535
5000 0.0469
