100 3.1e-005
200 7.95918e-005
300 0.000163542
400 0.000314894
500 0.000476087
600 0.000694444
700 0.000922727
800 0.00121744
900 0.00154405
1000 0.0019061
1100 0.002285
1200 0.00272436
1300 0.00320658
1400 0.00371622
1500 0.00425417
1600 0.00482143
1700 0.00544706
1800 0.00615455
1900 0.00683594
2000 0.00756129
2100 0.00835833
2200 0.00915862
2300 0.00998929
2400 0.0108815
2500 0.0117769
2600 0.012752
2700 0.0138
2800 0.0147435
2900 0.0159091
3000 0.0169619
3100 0.018125
3200 0.0193263
3300 0.0204889
3400 0.0217824
3500 0.0231437
3600 0.0243733
3700 0.0257857
3800 0.0271692
3900 0.0286417
4000 0.0301182
4100 0.03171
4200 0.0333333
4300 0.034775
4400 0.0366
4500 0.0380167
4600 0.04
4700 0.041425
4800 0.0437333
4900 0.0453
5000 0.0469
