100 3.1e-005
200 8.06122e-005
300 0.000178125
400 0.000332979
500 0.000492391
600 0.000728889
700 0.000977273
800 0.00127093
900 0.00161905
1000 0.00198171
1100 0.0024025
1200 0.0028641
1300 0.00333026
1400 0.00384324
1500 0.00440556
1600 0.005
1700 0.00562941
1800 0.00632121
1900 0.00698125
2000 0.0077371
2100 0.00851667
2200 0.00932069
2300 0.0102107
2400 0.0110519
2500 0.0120192
2600 0.01294
2700 0.0139333
2800 0.0150826
2900 0.0161227
3000 0.0172619
3100 0.01836
3200 0.0196526
3300 0.0208333
3400 0.0221529
3500 0.0234375
3600 0.0247867
3700 0.0262286
3800 0.0275231
3900 0.0290417
4000 0.0305364
4100 0.03203
4200 0.0336889
4300 0.03515
4400 0.0368286
4500 0.0388
4600 0.04
4700 0.0422
4800 0.0437333
4900 0.0461
5000 0.0469
