100 1.7e-005
200 7.85714e-005
300 0.000170833
400 0.000309574
500 0.000483696
600 0.000664444
700 0.000944318
800 0.00119419
900 0.00153929
1000 0.00197927
1100 0.00233
1200 0.00278846
1300 0.00323947
1400 0.00381486
1500 0.00432083
1600 0.00487
1700 0.00552206
1800 0.00617727
1900 0.00681562
2000 0.00770645
2100 0.00859833
2200 0.0092069
2300 0.0101857
2400 0.0112296
2500 0.0119654
2600 0.012964
2700 0.0139875
2800 0.0150391
2900 0.0159455
3000 0.0172524
3100 0.01857
3200 0.0195105
3300 0.0208889
3400 0.0222706
3500 0.023575
3600 0.025
3700 0.0260857
3800 0.0278308
3900 0.0289
4000 0.0306909
4100 0.03253
4200 0.0335333
4300 0.035575
4400 0.0369
4500 0.0386167
4600 0.04072
4700 0.042075
4800 0.0441333
4900 0.04555
5000 0.0479
