100 7e-006
200 2.7551e-005
300 6.04167e-005
400 0.000106383
500 0.000165217
600 0.000235556
700 0.000321591
800 0.000418605
900 0.000527381
1000 0.00065122
1100 0.00078625
1200 0.000934615
1300 0.00109737
1400 0.00127027
1500 0.00145833
1600 0.00165714
1700 0.00187059
1800 0.00209697
1900 0.00233281
2000 0.00258548
2100 0.00285
2200 0.00312586
2300 0.00341429
2400 0.00371481
2500 0.00403462
2600 0.004364
2700 0.00470417
2800 0.00505652
2900 0.005425
3000 0.00580238
3100 0.006195
3200 0.00660263
3300 0.00701389
3400 0.00744706
3500 0.00789062
3600 0.00835333
3700 0.00882143
3800 0.00929615
3900 0.00979583
4000 0.0103045
4100 0.010825
4200 0.01135
4300 0.0119062
4400 0.0124714
4500 0.0130417
4600 0.01361
4700 0.0142125
4800 0.0148167
4900 0.01545
5000 0.01615
