100 0
200 1.02041e-006
300 1.04167e-006
400 1.06383e-006
500 1.08696e-006
600 1.11111e-006
700 1.13636e-006
800 2.32558e-006
900 2.38095e-006
1000 2.43902e-006
1100 2.5e-006
1200 3.84615e-006
1300 2.63158e-006
1400 4.05405e-006
1500 4.16667e-006
1600 2.85714e-006
1700 4.41176e-006
1800 4.54545e-006
1900 4.6875e-006
2000 4.83871e-006
2100 5e-006
2200 5.17241e-006
2300 7.14286e-006
2400 5.55556e-006
2500 7.69231e-006
2600 6e-006
2700 6.25e-006
2800 6.52174e-006
2900 6.81818e-006
3000 7.14286e-006
3100 7.5e-006
3200 7.89474e-006
3300 8.33333e-006
3400 8.82353e-006
3500 9.375e-006
3600 1e-005
3700 1.07143e-005
3800 7.69231e-006
3900 1.25e-005
4000 9.09091e-006
4100 1e-005
4200 1.11111e-005
4300 1.25e-005
4400 7.14286e-006
4500 1.66667e-005
4600 1e-005
4700 1.25e-005
4800 1.66667e-005
4900 2.5e-005
5000 5e-005
