100 3e-006
200 1.22449e-005
300 2.39583e-005
400 3.93617e-005
500 5.97826e-005
600 8.55556e-005
700 0.000114773
800 0.00015
900 0.000183333
1000 0.00022439
1100 0.00027
1200 0.000321795
1300 0.000385526
1400 0.000441892
1500 0.000515278
1600 0.000564286
1700 0.000627941
1800 0.000715152
1900 0.000804688
2000 0.000882258
2100 0.000995
2200 0.00107759
2300 0.00115357
2400 0.00127222
2500 0.00135962
2600 0.001506
2700 0.00159375
2800 0.00173913
2900 0.00181818
3000 0.00198571
3100 0.0020975
3200 0.00223947
3300 0.00232778
3400 0.00246765
3500 0.00267188
3600 0.00278667
3700 0.00304286
3800 0.00312692
3900 0.0033
4000 0.00351818
4100 0.00371
4200 0.00382778
4300 0.00401875
4400 0.0042
4500 0.00438333
4600 0.00455
4700 0.0048125
4800 0.00496667
4900 0.005225
5000 0.00535
