100 1e-006
200 1.02041e-006
300 1.04167e-006
400 1.06383e-006
500 2.17391e-006
600 3.33333e-006
700 3.40909e-006
800 3.48837e-006
900 3.57143e-006
1000 4.87805e-006
1100 5e-006
1200 5.12821e-006
1300 6.57895e-006
1400 6.75676e-006
1500 6.94444e-006
1600 7.14286e-006
1700 7.35294e-006
1800 9.09091e-006
1900 7.8125e-006
2000 9.67742e-006
2100 1e-005
2200 1.03448e-005
2300 1.07143e-005
2400 1.11111e-005
2500 1.15385e-005
2600 1.2e-005
2700 1.25e-005
2800 1.30435e-005
2900 1.36364e-005
3000 1.19048e-005
3100 1.5e-005
3200 1.57895e-005
3300 1.38889e-005
3400 1.47059e-005
3500 1.875e-005
3600 1.33333e-005
3700 1.42857e-005
3800 1.53846e-005
3900 2.08333e-005
4000 1.81818e-005
4100 2e-005
4200 2.22222e-005
4300 1.875e-005
4400 2.14286e-005
4500 2.5e-005
4600 2e-005
4700 2.5e-005
4800 3.33333e-005
4900 2.5e-005
5000 5e-005
