100 5e-006
200 1.93878e-005
300 4.27083e-005
400 7.34043e-005
500 0.000111957
600 0.000161111
700 0.000218182
800 0.000282558
900 0.000357143
1000 0.000439024
1100 0.00053
1200 0.000629487
1300 0.000736842
1400 0.000854054
1500 0.000980556
1600 0.00111571
1700 0.00126029
1800 0.00140606
1900 0.00156562
2000 0.00173871
2100 0.00192167
2200 0.00209655
2300 0.00228929
2400 0.00249259
2500 0.00270192
2600 0.00292
2700 0.00314792
2800 0.00338696
2900 0.00362955
3000 0.00388571
3100 0.0041475
3200 0.00441842
3300 0.00469722
3400 0.00498529
3500 0.00528125
3600 0.00558333
3700 0.00589643
3800 0.00621923
3900 0.00655
4000 0.00688636
4100 0.007235
4200 0.00758889
4300 0.00795625
4400 0.00832857
4500 0.00871667
4600 0.00911
4700 0.0095125
4800 0.00991667
4900 0.010325
5000 0.01075
