100 1.7e-005
200 3.57143e-005
300 5.52083e-005
400 7.12766e-005
500 9.02174e-005
600 0.000111111
700 0.000127273
800 0.000146512
900 0.000165476
1000 0.000182927
1100 0.000205
1200 0.000224359
1300 0.000242105
1400 0.000262162
1500 0.000277778
1600 0.000297143
1700 0.000322059
1800 0.000339394
1900 0.000359375
2000 0.000377419
2100 0.000401667
2200 0.000424138
2300 0.000442857
2400 0.000459259
2500 0.000475
2600 0.000494
2700 0.000516667
2800 0.000532609
2900 0.000552273
3000 0.000564286
3100 0.0005875
3200 0.000607895
3300 0.000633333
3400 0.00065
3500 0.000675
3600 0.000683333
3700 0.000714286
3800 0.000723077
3900 0.00075
4000 0.000763636
4100 0.000795
4200 0.000822222
4300 0.00084375
4400 0.000857143
4500 0.000883333
4600 0.0009
4700 0.000925
4800 0.000933333
4900 0.00095
5000 0.00095
