100 1.7e-005
200 3.57143e-005
300 5.3125e-005
400 7.02128e-005
500 9.02174e-005
600 0.000108889
700 0.000128409
800 0.000146512
900 0.000164286
1000 0.000185366
1100 0.00020375
1200 0.000220513
1300 0.000236842
1400 0.000258108
1500 0.000273611
1600 0.000292857
1700 0.000313235
1800 0.000334848
1900 0.000357813
2000 0.000377419
2100 0.000395
2200 0.000413793
2300 0.000432143
2400 0.000446296
2500 0.000475
2600 0.000486
2700 0.000508333
2800 0.000526087
2900 0.000545455
3000 0.000557143
3100 0.0005825
3200 0.000597368
3300 0.000627778
3400 0.000641176
3500 0.000665625
3600 0.000676667
3700 0.000707143
3800 0.000723077
3900 0.000754167
4000 0.000763636
4100 0.00079
4200 0.0008
4300 0.0008375
4400 0.000842857
4500 0.000875
4600 0.00087
4700 0.0009125
4800 0.000916667
4900 0.000925
5000 0.00095
