100 2.7e-005
200 4.4898e-005
300 7.1875e-005
400 8.93617e-005
500 0.000119565
600 0.000136667
700 0.000165909
800 0.000182558
900 0.000219048
1000 0.000231707
1100 0.0002675
1200 0.000279487
1300 0.000309211
1400 0.00032973
1500 0.000361111
1600 0.000374286
1700 0.000414706
1800 0.000433333
1900 0.0004625
2000 0.000479032
2100 0.000513333
2200 0.000536207
2300 0.000564286
2400 0.00057963
2500 0.000613462
2600 0.000626
2700 0.000666667
2800 0.000678261
2900 0.000720455
3000 0.000728571
3100 0.0007625
3200 0.000778947
3300 0.000819444
3400 0.000841176
3500 0.000871875
3600 0.00089
3700 0.000925
3800 0.000942308
3900 0.000975
4000 0.000981818
4100 0.00103
4200 0.00104444
4300 0.0010875
4400 0.0011
4500 0.00113333
4600 0.00115
4700 0.0012
4800 0.0012
4900 0.001225
5000 0.00125
