100 6e-006
200 1.12245e-005
300 1.875e-005
400 2.76596e-005
500 3.69565e-005
600 4.33333e-005
700 5.22727e-005
800 6.16279e-005
900 6.78571e-005
1000 7.80488e-005
1100 8.625e-005
1200 9.35897e-005
1300 0.000102632
1400 0.000112162
1500 0.000122222
1600 0.000134286
1700 0.000139706
1800 0.00015
1900 0.000157813
2000 0.000170968
2100 0.000176667
2200 0.000186207
2300 0.0002
2400 0.000207407
2500 0.000219231
2600 0.000226
2700 0.000233333
2800 0.000247826
2900 0.000254545
3000 0.000271429
3100 0.00028
3200 0.000276316
3300 0.0003
3400 0.000305882
3500 0.000315625
3600 0.00033
3700 0.000332143
3800 0.000342308
3900 0.000358333
4000 0.000368182
4100 0.00037
4200 0.000383333
4300 0.0004
4400 0.000414286
4500 0.000416667
4600 0.00043
4700 0.000425
4800 0.00045
4900 0.00045
5000 0.0005
