100 1.4e-005
200 5.10204e-005
300 0.000111458
400 0.000194681
500 0.000302174
600 0.000433333
700 0.0005875
800 0.000766279
900 0.000967857
1000 0.00119268
1100 0.00144
1200 0.0017141
1300 0.00200921
1400 0.00232973
1500 0.00267222
1600 0.00303857
1700 0.00343088
1800 0.00384091
1900 0.00427656
2000 0.00473548
2100 0.00522333
2200 0.00572931
2300 0.00626071
2400 0.00681667
2500 0.00739423
2600 0.007998
2700 0.00862083
2800 0.00927391
2900 0.00994318
3000 0.0106381
3100 0.0113575
3200 0.0121026
3300 0.012875
3400 0.0136559
3500 0.0144687
3600 0.0153867
3700 0.0161607
3800 0.0170423
3900 0.01795
4000 0.0188864
4100 0.019845
4200 0.0208278
4300 0.021825
4400 0.02285
4500 0.0239083
4600 0.02497
4700 0.026075
4800 0.0272
4900 0.028325
5000 0.0295
