100 2.3e-005
200 4.59184e-005
300 7.08333e-005
400 0.000102128
500 0.000121739
600 0.000153333
700 0.000193182
800 0.000204651
900 0.000245238
1000 0.000260976
1100 0.000305
1200 0.000321795
1300 0.000351316
1400 0.000391892
1500 0.000413889
1600 0.000447143
1700 0.000473529
1800 0.000516667
1900 0.000534375
2000 0.000562903
2100 0.000605
2200 0.000625862
2300 0.000669643
2400 0.000705556
2500 0.000734615
2600 0.000746
2700 0.000804167
2800 0.000845652
2900 0.000865909
3000 0.000916667
3100 0.000965
3200 0.00093421
3300 0.000961111
3400 0.00102941
3500 0.00102812
3600 0.00107
3700 0.0011
3800 0.00114231
3900 0.00118333
4000 0.00119091
4100 0.001215
4200 0.00122778
4300 0.00128125
4400 0.00134286
4500 0.001375
4600 0.00137
4700 0.0014125
4800 0.00148333
4900 0.001575
5000 0.0015
