100 1.6e-005
200 6.22449e-005
300 0.000139583
400 0.000244681
500 0.000381522
600 0.000546667
700 0.000743182
800 0.000968605
900 0.001225
1000 0.00150976
1100 0.00182625
1200 0.00217308
1300 0.00254868
1400 0.00295405
1500 0.00338889
1600 0.00385429
1700 0.00434853
1800 0.00487121
1900 0.00542969
2000 0.0060129
2100 0.00663167
2200 0.00727759
2300 0.00795179
2400 0.00865741
2500 0.00938846
2600 0.010156
2700 0.0109542
2800 0.0117696
2900 0.0126273
3000 0.0135143
3100 0.01443
3200 0.0153737
3300 0.01635
3400 0.0173471
3500 0.0183875
3600 0.0194467
3700 0.0205429
3800 0.0216615
3900 0.0228167
4000 0.0240091
4100 0.0252
4200 0.0264556
4300 0.0277375
4400 0.0290286
4500 0.0303667
4600 0.03174
4700 0.03315
4800 0.0346
4900 0.03605
5000 0.0375
