100 1.2e-005
200 4.08163e-005
300 7.8125e-005
400 0.000135106
500 0.000203261
600 0.00028
700 0.000376136
800 0.000482558
900 0.000602381
1000 0.000735366
1100 0.0008775
1200 0.00103205
1300 0.00120789
1400 0.00139459
1500 0.00158889
1600 0.0018
1700 0.00202353
1800 0.00225758
1900 0.00250625
2000 0.00276774
2100 0.00304667
2200 0.00333276
2300 0.00363571
2400 0.00394815
2500 0.00427115
2600 0.004618
2700 0.00496458
2800 0.00531957
2900 0.00570455
3000 0.00609524
3100 0.0065
3200 0.00691842
3300 0.00734444
3400 0.00778824
3500 0.00823438
3600 0.0087
3700 0.00918571
3800 0.00969231
3900 0.0101917
4000 0.0106955
4100 0.011455
4200 0.0117833
4300 0.0123375
4400 0.0129
4500 0.0134833
4600 0.01408
4700 0.0146875
4800 0.0153167
4900 0.015975
5000 0.0166
