100 8e-006
200 2.85714e-005
300 6.25e-005
400 0.000108511
500 0.000167391
600 0.00024
700 0.000323864
800 0.000423256
900 0.000532143
1000 0.000718293
1100 0.000805
1200 0.000942308
1300 0.00110526
1400 0.00127973
1500 0.00146806
1600 0.00166571
1700 0.00187941
1800 0.00210455
1900 0.00234375
2000 0.00259194
2100 0.00285833
2200 0.00313448
2300 0.003425
2400 0.00372778
2500 0.00404423
2600 0.004372
2700 0.00471458
2800 0.00506739
2900 0.00543636
3000 0.00581429
3100 0.00621
3200 0.00661842
3300 0.00704444
3400 0.00748824
3500 0.0079125
3600 0.00836333
3700 0.00883571
3800 0.00931923
3900 0.00980833
4000 0.0103227
4100 0.01084
4200 0.0113778
4300 0.011925
4400 0.0124786
4500 0.0130583
4600 0.01365
4700 0.0142375
4800 0.01485
4900 0.015475
5000 0.01615
