100 1e-005
200 3.16327e-005
300 6.97917e-005
400 0.000117021
500 0.000179348
600 0.000254444
700 0.000343182
800 0.000447674
900 0.000563095
1000 0.000692683
1100 0.00083375
1200 0.000988462
1300 0.00115921
1400 0.00134054
1500 0.0015375
1600 0.00174571
1700 0.00196471
1800 0.00220152
1900 0.00245469
2000 0.00271452
2100 0.00298667
2200 0.00328103
2300 0.00358036
2400 0.0038963
2500 0.00422308
2600 0.004566
2700 0.00492083
2800 0.00528913
2900 0.005675
3000 0.00607143
3100 0.0064775
3200 0.00689737
3300 0.00733333
3400 0.00777941
3500 0.00824375
3600 0.00871333
3700 0.0092
3800 0.00970385
3900 0.0102292
4000 0.01075
4100 0.0113
4200 0.01185
4300 0.0124187
4400 0.0130071
4500 0.0135917
4600 0.0142
4700 0.014825
4800 0.0154667
4900 0.016125
5000 0.01675
